0.33676714
1.1557238
0.6004029
0.34730867
0.87932773
-0.11338044
0.087975598
-0.08361145
-0.020478984
0.24500222
0.6020103
-0.033408476
-0.70719896
-0.23061708
-0.15147468
-0.51326957
-0.49019498
-0.89760446
-0.52274433
-0.7244615
0.061506498
0.34140321
0.46468778
0.90865383
0.48738662
0.95942928
0.79723319
0.50499904
-0.42374919
0.014321762
-0.31420725
-1.0274545
-0.63326769
-0.57977863
-1.3661253
-0.82959907
-1.1338018
-0.30350536
0.30871695
-0.27724166
0.54869074
0.63088164
0.64728694
0.45964663
0.6947131
0.47852035
2.2982839
-0.4216808
0.82151467
-0.1196357
-0.035813304
-0.65712206
-1.5602529
-0.44153036
-0.26310819
-0.0543918
0.064469239
-0.25424397
-1.012424
-0.82431429
0.35664687
-0.11663242
-0.13792328
0.38961247
-0.41366474
0.14426518
-0.55538928
0.91935793
0.017930485
0.26732807
-0.32294312
0.0068503971
-0.9306607
-0.21669194
-1.0587535
-1.4871685
-0.57770372
-0.71743089
-0.90216481
-0.77353516
1.1718323
0.17307421
1.423733
0.77889089
1.1235286
0.83642236
0.54593573
0.61017715
0.63855197
-0.44423788
-0.12399533
-0.034574684
-0.57551734
-0.99333361
-0.35512438
-0.61953964
0.09103335
-0.82593775
-1.3624517
-1.1855853
0.17950482
0.6986245
0.17418118
1.039209
-0.32475553
0.15714164
0.77837105
1.3099689
0.84176914
1.2789864
-0.30729697
-0.19987072
-0.82895258
-0.76080774
-0.048736188
-1.3090125
-1.0891829
-0.53982202
-0.78241361
-2.1806848
1.1146624
0.55781834
0.16875231
0.33140373
0.8236482
1.4516295
0.34477739
1.5191858
0.93046941
0.74123618
-0.92609246
-0.56283087
-0.21207374
-0.077017023
-0.41963266
-0.156297
-0.089440174
0.2427414
-0.28636875
-0.52535648
0.48769865
0.15805797
0.37131456
0.17889813
0.35116907
1.2069523
0.51648455
-0.27926329
1.0512468
1.3727348
-0.51643074
-0.30832727
-0.88258375
-1.2413463
-0.37374102
-0.6810047
0.26670689
-0.55413478
-1.2732334
-0.3261639
0.013178024
0.10465088
1.5962241
0.46413264
-0.16802383
0.074082915
0.68685249
0.023769991
0.47813379
0.77691232
-0.32137358
-0.38704141
-0.61712052
-0.98095267
-0.56919723
-0.33643514
-0.79961294
-0.13041178
-0.92930246
-0.54349606
